image_width: 1280
image_height: 720
camera_name: head_camera
camera_matrix:
  rows: 3
  cols: 3
  data: [932.6400257655176, 0, 608.9467731695865, 0, 935.2843839618433, 372.745204645356, 0, 0, 1]
distortion_model: plumb_bob
distortion_coefficients:
  rows: 1
  cols: 5
  data: [-0.3801027722022816, 0.1376210775239835, -0.005352617046179405, -0.00564783483792553, 0]
rectification_matrix:
  rows: 3
  cols: 3
  data: [1, 0, 0, 0, 1, 0, 0, 0, 1]
projection_matrix:
  rows: 3
  cols: 4
  data: [691.0674438476562, 0, 583.1704138329842, 0, 0, 679.7801513671875, 362.8530752709557, 0, 0, 0, 1, 0]